 2000    3
  0.100000E+01  0.000000E+00  0.000000E+00  0.000000E+00  0.000000E+00  0.100000E+01  0.000000E+00  0.000000E+00  0.000000E+00  0.000000E+00  0.100000E+01  0.000000E+00  0.500000E+00  0.000000E+00  0.500000E+01  0.100000E+01
  0.100000E+01  0.000000E+00  0.000000E+00  0.000000E+00  0.000000E+00  0.100000E+01  0.000000E+00  0.000000E+00  0.000000E+00  0.000000E+00  0.100000E+01  0.000000E+00 -0.200000E+01  0.000000E+00  0.500000E+01  0.100000E+01
  0.100000E+01  0.000000E+00  0.000000E+00  0.000000E+00  0.000000E+00  0.100000E+01  0.000000E+00  0.000000E+00  0.000000E+00  0.000000E+00  0.100000E+01  0.000000E+00 -0.450000E+01  0.000000E+00  0.500000E+01  0.100000E+01
  0.100000E+01  0.000000E+00  0.000000E+00  0.000000E+00  0.000000E+00  0.100000E+01  0.000000E+00  0.000000E+00  0.000000E+00  0.000000E+00  0.100000E+01  0.000000E+00  0.500000E+00  0.000000E+00  0.500000E+01  0.100000E+01
  0.100000E+01  0.000000E+00  0.350243E-04  0.000000E+00  0.000000E+00  0.100000E+01  0.000000E+00  0.000000E+00 -0.350243E-04  0.000000E+00  0.100000E+01  0.000000E+00 -0.200000E+01  0.000000E+00  0.499991E+01  0.100000E+01
  0.100000E+01  0.000000E+00  0.000000E+00  0.000000E+00  0.000000E+00  0.100000E+01  0.000000E+00  0.000000E+00  0.000000E+00  0.000000E+00  0.100000E+01  0.000000E+00 -0.450000E+01  0.000000E+00  0.499982E+01  0.100000E+01
  0.100000E+01  0.000000E+00  0.000000E+00  0.000000E+00  0.000000E+00  0.100000E+01  0.000000E+00  0.000000E+00  0.000000E+00  0.000000E+00  0.100000E+01  0.000000E+00  0.500000E+00  0.000000E+00  0.500000E+01  0.100000E+01
  0.100000E+01  0.000000E+00  0.128424E-03  0.000000E+00  0.000000E+00  0.100000E+01  0.000000E+00  0.000000E+00 -0.128424E-03  0.000000E+00  0.100000E+01  0.000000E+00 -0.200000E+01  0.000000E+00  0.499968E+01  0.100000E+01
  0.100000E+01  0.000000E+00  0.000000E+00  0.000000E+00  0.000000E+00  0.100000E+01  0.000000E+00  0.000000E+00  0.000000E+00  0.000000E+00  0.100000E+01  0.000000E+00 -0.450000E+01  0.000000E+00  0.499936E+01  0.100000E+01
  0.100000E+01  0.000000E+00  0.000000E+00  0.000000E+00  0.000000E+00  0.100000E+01  0.000000E+00  0.000000E+00  0.000000E+00  0.000000E+00  0.100000E+01  0.000000E+00  0.500000E+00  0.000000E+00  0.500000E+01  0.100000E+01
  0.100000E+01  0.000000E+00  0.280199E-03  0.000000E+00  0.000000E+00  0.100000E+01  0.000000E+00  0.000000E+00 -0.280199E-03  0.000000E+00  0.100000E+01  0.000000E+00 -0.200000E+01  0.000000E+00  0.499930E+01  0.100000E+01
  0.100000E+01  0.000000E+00  0.000000E+00  0.000000E+00  0.000000E+00  0.100000E+01  0.000000E+00  0.000000E+00  0.000000E+00  0.000000E+00  0.100000E+01  0.000000E+00 -0.450000E+01  0.000000E+00  0.499860E+01  0.100000E+01
  0.100000E+01  0.000000E+00  0.000000E+00  0.000000E+00  0.000000E+00  0.100000E+01  0.000000E+00  0.000000E+00  0.000000E+00  0.000000E+00  0.100000E+01  0.000000E+00  0.500000E+00  0.000000E+00  0.500000E+01  0.100000E+01
  0.100000E+01  0.000000E+00  0.490349E-03  0.000000E+00  0.000000E+00  0.100000E+01  0.000000E+00  0.000000E+00 -0.490349E-03  0.000000E+00  0.100000E+01  0.000000E+00 -0.200000E+01  0.000000E+00  0.499877E+01  0.100000E+01
  0.100000E+01  0.000000E+00  0.000000E+00  0.000000E+00  0.000000E+00  0.100000E+01  0.000000E+00  0.000000E+00  0.000000E+00  0.000000E+00  0.100000E+01  0.000000E+00 -0.450000E+01  0.000000E+00  0.499755E+01  0.100000E+01
  0.100000E+01  0.000000E+00  0.000000E+00  0.000000E+00  0.000000E+00  0.100000E+01  0.000000E+00  0.000000E+00  0.000000E+00  0.000000E+00  0.100000E+01  0.000000E+00  0.500000E+00  0.000000E+00  0.500000E+01  0.100000E+01
  0.100000E+01  0.000000E+00  0.758874E-03  0.000000E+00  0.000000E+00  0.100000E+01  0.000000E+00  0.000000E+00 -0.758874E-03  0.000000E+00  0.100000E+01  0.000000E+00 -0.200000E+01  0.000000E+00  0.499810E+01  0.100000E+01
  0.100000E+01  0.000000E+00  0.000000E+00  0.000000E+00  0.000000E+00  0.100000E+01  0.000000E+00  0.000000E+00  0.000000E+00  0.000000E+00  0.100000E+01  0.000000E+00 -0.450000E+01  0.000000E+00  0.499621E+01  0.100000E+01
  0.100000E+01  0.000000E+00  0.000000E+00  0.000000E+00  0.000000E+00  0.100000E+01  0.000000E+00  0.000000E+00  0.000000E+00  0.000000E+00  0.100000E+01  0.000000E+00  0.500000E+00  0.000000E+00  0.500000E+01  0.100000E+01
  0.999999E+00  0.000000E+00  0.108577E-02  0.000000E+00  0.000000E+00  0.100000E+01  0.000000E+00  0.000000E+00 -0.108577E-02  0.000000E+00  0.999999E+00  0.000000E+00 -0.200000E+01  0.000000E+00  0.499729E+01  0.100000E+01
  0.100000E+01  0.000000E+00  0.000000E+00  0.000000E+00  0.000000E+00  0.100000E+01  0.000000E+00  0.000000E+00  0.000000E+00  0.000000E+00  0.100000E+01  0.000000E+00 -0.450000E+01  0.000000E+00  0.499457E+01  0.100000E+01
  0.100000E+01  0.000000E+00  0.000000E+00  0.000000E+00  0.000000E+00  0.100000E+01  0.000000E+00  0.000000E+00  0.000000E+00  0.000000E+00  0.100000E+01  0.000000E+00  0.500000E+00  0.000000E+00  0.500000E+01  0.100000E+01
  0.999999E+00  0.000000E+00  0.147105E-02  0.000000E+00  0.000000E+00  0.100000E+01  0.000000E+00  0.000000E+00 -0.147105E-02  0.000000E+00  0.999999E+00  0.000000E+00 -0.200000E+01  0.000000E+00  0.499632E+01  0.100000E+01
  0.100000E+01  0.000000E+00  0.000000E+00  0.000000E+00  0.000000E+00  0.100000E+01  0.000000E+00  0.000000E+00  0.000000E+00  0.000000E+00  0.100000E+01  0.000000E+00 -0.449999E+01  0.000000E+00  0.499264E+01  0.100000E+01
  0.100000E+01  0.000000E+00  0.000000E+00  0.000000E+00  0.000000E+00  0.100000E+01  0.000000E+00  0.000000E+00  0.000000E+00  0.000000E+00  0.100000E+01  0.000000E+00  0.500000E+00  0.000000E+00  0.500000E+01  0.100000E+01
  0.999998E+00  0.000000E+00  0.191470E-02  0.000000E+00  0.000000E+00  0.100000E+01  0.000000E+00  0.000000E+00 -0.191470E-02  0.000000E+00  0.999998E+00  0.000000E+00 -0.200000E+01  0.000000E+00  0.499521E+01  0.100000E+01
  0.100000E+01  0.000000E+00  0.000000E+00  0.000000E+00  0.000000E+00  0.100000E+01  0.000000E+00  0.000000E+00  0.000000E+00  0.000000E+00  0.100000E+01  0.000000E+00 -0.449999E+01  0.000000E+00  0.499043E+01  0.100000E+01
  0.100000E+01  0.000000E+00  0.000000E+00  0.000000E+00  0.000000E+00  0.100000E+01  0.000000E+00  0.000000E+00  0.000000E+00  0.000000E+00  0.100000E+01  0.000000E+00  0.500000E+00  0.000000E+00  0.500000E+01  0.100000E+01
  0.999997E+00  0.000000E+00  0.241672E-02  0.000000E+00  0.000000E+00  0.100000E+01  0.000000E+00  0.000000E+00 -0.241672E-02  0.000000E+00  0.999997E+00  0.000000E+00 -0.199999E+01  0.000000E+00  0.499396E+01  0.100000E+01
  0.100000E+01  0.000000E+00  0.000000E+00  0.000000E+00  0.000000E+00  0.100000E+01  0.000000E+00  0.000000E+00  0.000000E+00  0.000000E+00  0.100000E+01  0.000000E+00 -0.449998E+01  0.000000E+00  0.498792E+01  0.100000E+01
  0.100000E+01  0.000000E+00  0.000000E+00  0.000000E+00  0.000000E+00  0.100000E+01  0.000000E+00  0.000000E+00  0.000000E+00  0.000000E+00  0.100000E+01  0.000000E+00  0.500000E+00  0.000000E+00  0.500000E+01  0.100000E+01
  0.999996E+00  0.000000E+00  0.297712E-02  0.000000E+00  0.000000E+00  0.100000E+01  0.000000E+00  0.000000E+00 -0.297712E-02  0.000000E+00  0.999996E+00  0.000000E+00 -0.199999E+01  0.000000E+00  0.499256E+01  0.100000E+01
  0.100000E+01  0.000000E+00  0.000000E+00  0.000000E+00  0.000000E+00  0.100000E+01  0.000000E+00  0.000000E+00  0.000000E+00  0.000000E+00  0.100000E+01  0.000000E+00 -0.449998E+01  0.000000E+00  0.498511E+01  0.100000E+01
  0.100000E+01  0.000000E+00  0.000000E+00  0.000000E+00  0.000000E+00  0.100000E+01  0.000000E+00  0.000000E+00  0.000000E+00  0.000000E+00  0.100000E+01  0.000000E+00  0.500000E+00  0.000000E+00  0.500000E+01  0.100000E+01
  0.999993E+00  0.000000E+00  0.359589E-02  0.000000E+00  0.000000E+00  0.100000E+01  0.000000E+00  0.000000E+00 -0.359589E-02  0.000000E+00  0.999993E+00  0.000000E+00 -0.199998E+01  0.000000E+00  0.499101E+01  0.100000E+01
  0.100000E+01  0.000000E+00  0.000000E+00  0.000000E+00  0.000000E+00  0.100000E+01  0.000000E+00  0.000000E+00  0.000000E+00  0.000000E+00  0.100000E+01  0.000000E+00 -0.449997E+01  0.000000E+00  0.498202E+01  0.100000E+01
  0.100000E+01  0.000000E+00  0.000000E+00  0.000000E+00  0.000000E+00  0.100000E+01  0.000000E+00  0.000000E+00  0.000000E+00  0.000000E+00  0.100000E+01  0.000000E+00  0.500000E+00  0.000000E+00  0.500000E+01  0.100000E+01
  0.999991E+00  0.000000E+00  0.426953E-02  0.000000E+00  0.000000E+00  0.100000E+01  0.000000E+00  0.000000E+00 -0.426953E-02  0.000000E+00  0.999991E+00  0.000000E+00 -0.199998E+01  0.000000E+00  0.498933E+01  0.100000E+01
  0.100000E+01  0.000000E+00  0.000000E+00  0.000000E+00  0.000000E+00  0.100000E+01  0.000000E+00  0.000000E+00  0.000000E+00  0.000000E+00  0.100000E+01  0.000000E+00 -0.449995E+01  0.000000E+00  0.497865E+01  0.100000E+01
  0.100000E+01  0.000000E+00  0.000000E+00  0.000000E+00  0.000000E+00  0.100000E+01  0.000000E+00  0.000000E+00  0.000000E+00  0.000000E+00  0.100000E+01  0.000000E+00  0.500000E+00  0.000000E+00  0.500000E+01  0.100000E+01
  0.999987E+00  0.000000E+00  0.499921E-02  0.000000E+00  0.000000E+00  0.100000E+01  0.000000E+00  0.000000E+00 -0.499921E-02  0.000000E+00  0.999987E+00  0.000000E+00 -0.199997E+01  0.000000E+00  0.498750E+01  0.100000E+01
  0.100000E+01  0.000000E+00  0.000000E+00  0.000000E+00  0.000000E+00  0.100000E+01  0.000000E+00  0.000000E+00  0.000000E+00  0.000000E+00  0.100000E+01  0.000000E+00 -0.449994E+01  0.000000E+00  0.497500E+01  0.100000E+01
  0.100000E+01  0.000000E+00  0.000000E+00  0.000000E+00  0.000000E+00  0.100000E+01  0.000000E+00  0.000000E+00  0.000000E+00  0.000000E+00  0.100000E+01  0.000000E+00  0.500000E+00  0.000000E+00  0.500000E+01  0.100000E+01
  0.999983E+00  0.000000E+00  0.578726E-02  0.000000E+00  0.000000E+00  0.100000E+01  0.000000E+00  0.000000E+00 -0.578726E-02  0.000000E+00  0.999983E+00  0.000000E+00 -0.199996E+01  0.000000E+00  0.498553E+01  0.100000E+01
  0.100000E+01  0.000000E+00  0.000000E+00  0.000000E+00  0.000000E+00  0.100000E+01  0.000000E+00  0.000000E+00  0.000000E+00  0.000000E+00  0.100000E+01  0.000000E+00 -0.449991E+01  0.000000E+00  0.497106E+01  0.100000E+01
  0.100000E+01  0.000000E+00  0.000000E+00  0.000000E+00  0.000000E+00  0.100000E+01  0.000000E+00  0.000000E+00  0.000000E+00  0.000000E+00  0.100000E+01  0.000000E+00  0.500000E+00  0.000000E+00  0.500000E+01  0.100000E+01
  0.999978E+00  0.000000E+00  0.663368E-02  0.000000E+00  0.000000E+00  0.100000E+01  0.000000E+00  0.000000E+00 -0.663368E-02  0.000000E+00  0.999978E+00  0.000000E+00 -0.199994E+01  0.000000E+00  0.498342E+01  0.100000E+01
  0.100000E+01  0.000000E+00  0.000000E+00  0.000000E+00  0.000000E+00  0.100000E+01  0.000000E+00  0.000000E+00  0.000000E+00  0.000000E+00  0.100000E+01  0.000000E+00 -0.449989E+01  0.000000E+00  0.496683E+01  0.100000E+01
  0.100000E+01  0.000000E+00  0.000000E+00  0.000000E+00  0.000000E+00  0.100000E+01  0.000000E+00  0.000000E+00  0.000000E+00  0.000000E+00  0.100000E+01  0.000000E+00  0.500000E+00  0.000000E+00  0.500000E+01  0.100000E+01
  0.999972E+00  0.000000E+00  0.753846E-02  0.000000E+00  0.000000E+00  0.100000E+01  0.000000E+00  0.000000E+00 -0.753846E-02  0.000000E+00  0.999972E+00  0.000000E+00 -0.199993E+01  0.000000E+00  0.498115E+01  0.100000E+01
  0.100000E+01  0.000000E+00  0.000000E+00  0.000000E+00  0.000000E+00  0.100000E+01  0.000000E+00  0.000000E+00  0.000000E+00  0.000000E+00  0.100000E+01  0.000000E+00 -0.449986E+01  0.000000E+00  0.496231E+01  0.100000E+01
  0.100000E+01  0.000000E+00  0.000000E+00  0.000000E+00  0.000000E+00  0.100000E+01  0.000000E+00  0.000000E+00  0.000000E+00  0.000000E+00  0.100000E+01  0.000000E+00  0.500000E+00  0.000000E+00  0.500000E+01  0.100000E+01
  0.999964E+00  0.000000E+00  0.850161E-02  0.000000E+00  0.000000E+00  0.100000E+01  0.000000E+00  0.000000E+00 -0.850161E-02  0.000000E+00  0.999964E+00  0.000000E+00 -0.199991E+01  0.000000E+00  0.497875E+01  0.100000E+01
  0.100000E+01  0.000000E+00  0.000000E+00  0.000000E+00  0.000000E+00  0.100000E+01  0.000000E+00  0.000000E+00  0.000000E+00  0.000000E+00  0.100000E+01  0.000000E+00 -0.449982E+01  0.000000E+00  0.495749E+01  0.100000E+01
  0.100000E+01  0.000000E+00  0.000000E+00  0.000000E+00  0.000000E+00  0.100000E+01  0.000000E+00  0.000000E+00  0.000000E+00  0.000000E+00  0.100000E+01  0.000000E+00  0.500000E+00  0.000000E+00  0.500000E+01  0.100000E+01
  0.999955E+00  0.000000E+00  0.952312E-02  0.000000E+00  0.000000E+00  0.100000E+01  0.000000E+00  0.000000E+00 -0.952312E-02  0.000000E+00  0.999955E+00  0.000000E+00 -0.199989E+01  0.000000E+00  0.497619E+01  0.100000E+01
  0.100000E+01  0.000000E+00  0.000000E+00  0.000000E+00  0.000000E+00  0.100000E+01  0.000000E+00  0.000000E+00  0.000000E+00  0.000000E+00  0.100000E+01  0.000000E+00 -0.449977E+01  0.000000E+00  0.495238E+01  0.100000E+01
  0.100000E+01  0.000000E+00  0.000000E+00  0.000000E+00  0.000000E+00  0.100000E+01  0.000000E+00  0.000000E+00  0.000000E+00  0.000000E+00  0.100000E+01  0.000000E+00  0.500000E+00  0.000000E+00  0.500000E+01  0.100000E+01
  0.999944E+00  0.000000E+00  0.106030E-01  0.000000E+00  0.000000E+00  0.100000E+01  0.000000E+00  0.000000E+00 -0.106030E-01  0.000000E+00  0.999944E+00  0.000000E+00 -0.199986E+01  0.000000E+00  0.497349E+01  0.100000E+01
  0.100000E+01  0.000000E+00  0.000000E+00  0.000000E+00  0.000000E+00  0.100000E+01  0.000000E+00  0.000000E+00  0.000000E+00  0.000000E+00  0.100000E+01  0.000000E+00 -0.449972E+01  0.000000E+00  0.494699E+01  0.100000E+01
  0.100000E+01  0.000000E+00  0.000000E+00  0.000000E+00  0.000000E+00  0.100000E+01  0.000000E+00  0.000000E+00  0.000000E+00  0.000000E+00  0.100000E+01  0.000000E+00  0.500000E+00  0.000000E+00  0.500000E+01  0.100000E+01
  0.999931E+00  0.000000E+00  0.117412E-01  0.000000E+00  0.000000E+00  0.100000E+01  0.000000E+00  0.000000E+00 -0.117412E-01  0.000000E+00  0.999931E+00  0.000000E+00 -0.199983E+01  0.000000E+00  0.497065E+01  0.100000E+01
  0.100000E+01  0.000000E+00  0.000000E+00  0.000000E+00  0.000000E+00  0.100000E+01  0.000000E+00  0.000000E+00  0.000000E+00  0.000000E+00  0.100000E+01  0.000000E+00 -0.449965E+01  0.000000E+00  0.494129E+01  0.100000E+01
  0.100000E+01  0.000000E+00  0.000000E+00  0.000000E+00  0.000000E+00  0.100000E+01  0.000000E+00  0.000000E+00  0.000000E+00  0.000000E+00  0.100000E+01  0.000000E+00  0.500000E+00  0.000000E+00  0.500000E+01  0.100000E+01
  0.999916E+00  0.000000E+00  0.129378E-01  0.000000E+00  0.000000E+00  0.100000E+01  0.000000E+00  0.000000E+00 -0.129378E-01  0.000000E+00  0.999916E+00  0.000000E+00 -0.199979E+01  0.000000E+00  0.496766E+01  0.100000E+01
  0.100000E+01  0.000000E+00  0.000000E+00  0.000000E+00  0.000000E+00  0.100000E+01  0.000000E+00  0.000000E+00  0.000000E+00  0.000000E+00  0.100000E+01  0.000000E+00 -0.449958E+01  0.000000E+00  0.493531E+01  0.100000E+01
  0.100000E+01  0.000000E+00  0.000000E+00  0.000000E+00  0.000000E+00  0.100000E+01  0.000000E+00  0.000000E+00  0.000000E+00  0.000000E+00  0.100000E+01  0.000000E+00  0.500000E+00  0.000000E+00  0.500000E+01  0.100000E+01
  0.999899E+00  0.000000E+00  0.141927E-01  0.000000E+00  0.000000E+00  0.100000E+01  0.000000E+00  0.000000E+00 -0.141927E-01  0.000000E+00  0.999899E+00  0.000000E+00 -0.199975E+01  0.000000E+00  0.496452E+01  0.100000E+01
  0.100000E+01  0.000000E+00  0.000000E+00  0.000000E+00  0.000000E+00  0.100000E+01  0.000000E+00  0.000000E+00  0.000000E+00  0.000000E+00  0.100000E+01  0.000000E+00 -0.449949E+01  0.000000E+00  0.492904E+01  0.100000E+01
  0.100000E+01  0.000000E+00  0.000000E+00  0.000000E+00  0.000000E+00  0.100000E+01  0.000000E+00  0.000000E+00  0.000000E+00  0.000000E+00  0.100000E+01  0.000000E+00  0.500000E+00  0.000000E+00  0.500000E+01  0.100000E+01
  0.999880E+00  0.000000E+00  0.155060E-01  0.000000E+00  0.000000E+00  0.100000E+01  0.000000E+00  0.000000E+00 -0.155060E-01  0.000000E+00  0.999880E+00  0.000000E+00 -0.199970E+01  0.000000E+00  0.496124E+01  0.100000E+01
  0.100000E+01  0.000000E+00  0.000000E+00  0.000000E+00  0.000000E+00  0.100000E+01  0.000000E+00  0.000000E+00  0.000000E+00  0.000000E+00  0.100000E+01  0.000000E+00 -0.449940E+01  0.000000E+00  0.492247E+01  0.100000E+01
  0.100000E+01  0.000000E+00  0.000000E+00  0.000000E+00  0.000000E+00  0.100000E+01  0.000000E+00  0.000000E+00  0.000000E+00  0.000000E+00  0.100000E+01  0.000000E+00  0.500000E+00  0.000000E+00  0.500000E+01  0.100000E+01
  0.999857E+00  0.000000E+00  0.168776E-01  0.000000E+00  0.000000E+00  0.100000E+01  0.000000E+00  0.000000E+00 -0.168776E-01  0.000000E+00  0.999857E+00  0.000000E+00 -0.199964E+01  0.000000E+00  0.495781E+01  0.100000E+01
  0.100000E+01  0.000000E+00  0.000000E+00  0.000000E+00  0.000000E+00  0.100000E+01  0.000000E+00  0.000000E+00  0.000000E+00  0.000000E+00  0.100000E+01  0.000000E+00 -0.449928E+01  0.000000E+00  0.491561E+01  0.100000E+01
  0.100000E+01  0.000000E+00  0.000000E+00  0.000000E+00  0.000000E+00  0.100000E+01  0.000000E+00  0.000000E+00  0.000000E+00  0.000000E+00  0.100000E+01  0.000000E+00  0.500000E+00  0.000000E+00  0.500000E+01  0.100000E+01
  0.999832E+00  0.000000E+00  0.183075E-01  0.000000E+00  0.000000E+00  0.100000E+01  0.000000E+00  0.000000E+00 -0.183075E-01  0.000000E+00  0.999832E+00  0.000000E+00 -0.199958E+01  0.000000E+00  0.495423E+01  0.100000E+01
  0.100000E+01  0.000000E+00  0.000000E+00  0.000000E+00  0.000000E+00  0.100000E+01  0.000000E+00  0.000000E+00  0.000000E+00  0.000000E+00  0.100000E+01  0.000000E+00 -0.449916E+01  0.000000E+00  0.490846E+01  0.100000E+01
  0.100000E+01  0.000000E+00  0.000000E+00  0.000000E+00  0.000000E+00  0.100000E+01  0.000000E+00  0.000000E+00  0.000000E+00  0.000000E+00  0.100000E+01  0.000000E+00  0.500000E+00  0.000000E+00  0.500000E+01  0.100000E+01
  0.999804E+00  0.000000E+00  0.197957E-01  0.000000E+00  0.000000E+00  0.100000E+01  0.000000E+00  0.000000E+00 -0.197957E-01  0.000000E+00  0.999804E+00  0.000000E+00 -0.199951E+01  0.000000E+00  0.495051E+01  0.100000E+01
  0.100000E+01  0.000000E+00  0.000000E+00  0.000000E+00  0.000000E+00  0.100000E+01  0.000000E+00  0.000000E+00  0.000000E+00  0.000000E+00  0.100000E+01  0.000000E+00 -0.449902E+01  0.000000E+00  0.490102E+01  0.100000E+01
  0.100000E+01  0.000000E+00  0.000000E+00  0.000000E+00  0.000000E+00  0.100000E+01  0.000000E+00  0.000000E+00  0.000000E+00  0.000000E+00  0.100000E+01  0.000000E+00  0.500000E+00  0.000000E+00  0.500000E+01  0.100000E+01
  0.999772E+00  0.000000E+00  0.213423E-01  0.000000E+00  0.000000E+00  0.100000E+01  0.000000E+00  0.000000E+00 -0.213423E-01  0.000000E+00  0.999772E+00  0.000000E+00 -0.199943E+01  0.000000E+00  0.494664E+01  0.100000E+01
  0.100000E+01  0.000000E+00  0.000000E+00  0.000000E+00  0.000000E+00  0.100000E+01  0.000000E+00  0.000000E+00  0.000000E+00  0.000000E+00  0.100000E+01  0.000000E+00 -0.449886E+01  0.000000E+00  0.489329E+01  0.100000E+01
  0.100000E+01  0.000000E+00  0.000000E+00  0.000000E+00  0.000000E+00  0.100000E+01  0.000000E+00  0.000000E+00  0.000000E+00  0.000000E+00  0.100000E+01  0.000000E+00  0.500000E+00  0.000000E+00  0.500000E+01  0.100000E+01
  0.999737E+00  0.000000E+00  0.229471E-01  0.000000E+00  0.000000E+00  0.100000E+01  0.000000E+00  0.000000E+00 -0.229471E-01  0.000000E+00  0.999737E+00  0.000000E+00 -0.199934E+01  0.000000E+00  0.494263E+01  0.100000E+01
  0.100000E+01  0.000000E+00  0.000000E+00  0.000000E+00  0.000000E+00  0.100000E+01  0.000000E+00  0.000000E+00  0.000000E+00  0.000000E+00  0.100000E+01  0.000000E+00 -0.449868E+01  0.000000E+00  0.488526E+01  0.100000E+01
  0.100000E+01  0.000000E+00  0.000000E+00  0.000000E+00  0.000000E+00  0.100000E+01  0.000000E+00  0.000000E+00  0.000000E+00  0.000000E+00  0.100000E+01  0.000000E+00  0.500000E+00  0.000000E+00  0.500000E+01  0.100000E+01
  0.999697E+00  0.000000E+00  0.246103E-01  0.000000E+00  0.000000E+00  0.100000E+01  0.000000E+00  0.000000E+00 -0.246103E-01  0.000000E+00  0.999697E+00  0.000000E+00 -0.199924E+01  0.000000E+00  0.493847E+01  0.100000E+01
  0.100000E+01  0.000000E+00  0.000000E+00  0.000000E+00  0.000000E+00  0.100000E+01  0.000000E+00  0.000000E+00  0.000000E+00  0.000000E+00  0.100000E+01  0.000000E+00 -0.449848E+01  0.000000E+00  0.487695E+01  0.100000E+01
  0.100000E+01  0.000000E+00  0.000000E+00  0.000000E+00  0.000000E+00  0.100000E+01  0.000000E+00  0.000000E+00  0.000000E+00  0.000000E+00  0.100000E+01  0.000000E+00  0.500000E+00  0.000000E+00  0.500000E+01  0.100000E+01
  0.999653E+00  0.000000E+00  0.263316E-01  0.000000E+00  0.000000E+00  0.100000E+01  0.000000E+00  0.000000E+00 -0.263316E-01  0.000000E+00  0.999653E+00  0.000000E+00 -0.199913E+01  0.000000E+00  0.493417E+01  0.100000E+01
  0.100000E+01  0.000000E+00  0.000000E+00  0.000000E+00  0.000000E+00  0.100000E+01  0.000000E+00  0.000000E+00  0.000000E+00  0.000000E+00  0.100000E+01  0.000000E+00 -0.449826E+01  0.000000E+00  0.486834E+01  0.100000E+01
  0.100000E+01  0.000000E+00  0.000000E+00  0.000000E+00  0.000000E+00  0.100000E+01  0.000000E+00  0.000000E+00  0.000000E+00  0.000000E+00  0.100000E+01  0.000000E+00  0.500000E+00  0.000000E+00  0.500000E+01  0.100000E+01
  0.999605E+00  0.000000E+00  0.281113E-01  0.000000E+00  0.000000E+00  0.100000E+01  0.000000E+00  0.000000E+00 -0.281113E-01  0.000000E+00  0.999605E+00  0.000000E+00 -0.199901E+01  0.000000E+00  0.492972E+01  0.100000E+01
  0.100000E+01  0.000000E+00  0.000000E+00  0.000000E+00  0.000000E+00  0.100000E+01  0.000000E+00  0.000000E+00  0.000000E+00  0.000000E+00  0.100000E+01  0.000000E+00 -0.449802E+01  0.000000E+00  0.485944E+01  0.100000E+01
  0.100000E+01  0.000000E+00  0.000000E+00  0.000000E+00  0.000000E+00  0.100000E+01  0.000000E+00  0.000000E+00  0.000000E+00  0.000000E+00  0.100000E+01  0.000000E+00  0.500000E+00  0.000000E+00  0.500000E+01  0.100000E+01
  0.999551E+00  0.000000E+00  0.299492E-01  0.000000E+00  0.000000E+00  0.100000E+01  0.000000E+00  0.000000E+00 -0.299492E-01  0.000000E+00  0.999551E+00  0.000000E+00 -0.199888E+01  0.000000E+00  0.492513E+01  0.100000E+01
  0.100000E+01  0.000000E+00  0.000000E+00  0.000000E+00  0.000000E+00  0.100000E+01  0.000000E+00  0.000000E+00  0.000000E+00  0.000000E+00  0.100000E+01  0.000000E+00 -0.449775E+01  0.000000E+00  0.485025E+01  0.100000E+01
  0.100000E+01  0.000000E+00  0.000000E+00  0.000000E+00  0.000000E+00  0.100000E+01  0.000000E+00  0.000000E+00  0.000000E+00  0.000000E+00  0.100000E+01  0.000000E+00  0.500000E+00  0.000000E+00  0.500000E+01  0.100000E+01
  0.999493E+00  0.000000E+00  0.318453E-01  0.000000E+00  0.000000E+00  0.100000E+01  0.000000E+00  0.000000E+00 -0.318453E-01  0.000000E+00  0.999493E+00  0.000000E+00 -0.199873E+01  0.000000E+00  0.492039E+01  0.100000E+01
  0.100000E+01  0.000000E+00  0.000000E+00  0.000000E+00  0.000000E+00  0.100000E+01  0.000000E+00  0.000000E+00  0.000000E+00  0.000000E+00  0.100000E+01  0.000000E+00 -0.449746E+01  0.000000E+00  0.484077E+01  0.100000E+01
  0.100000E+01  0.000000E+00  0.000000E+00  0.000000E+00  0.000000E+00  0.100000E+01  0.000000E+00  0.000000E+00  0.000000E+00  0.000000E+00  0.100000E+01  0.000000E+00  0.500000E+00  0.000000E+00  0.500000E+01  0.100000E+01
  0.999429E+00  0.000000E+00  0.337996E-01  0.000000E+00  0.000000E+00  0.100000E+01  0.000000E+00  0.000000E+00 -0.337996E-01  0.000000E+00  0.999429E+00  0.000000E+00 -0.199857E+01  0.000000E+00  0.491550E+01  0.100000E+01
  0.100000E+01  0.000000E+00  0.000000E+00  0.000000E+00  0.000000E+00  0.100000E+01  0.000000E+00  0.000000E+00  0.000000E+00  0.000000E+00  0.100000E+01  0.000000E+00 -0.449714E+01  0.000000E+00  0.483100E+01  0.100000E+01
  0.100000E+01  0.000000E+00  0.000000E+00  0.000000E+00  0.000000E+00  0.100000E+01  0.000000E+00  0.000000E+00  0.000000E+00  0.000000E+00  0.100000E+01  0.000000E+00  0.500000E+00  0.000000E+00  0.500000E+01  0.100000E+01
  0.999358E+00  0.000000E+00  0.358120E-01  0.000000E+00  0.000000E+00  0.100000E+01  0.000000E+00  0.000000E+00 -0.358120E-01  0.000000E+00  0.999358E+00  0.000000E+00 -0.199839E+01  0.000000E+00  0.491047E+01  0.100000E+01
  0.100000E+01  0.000000E+00  0.000000E+00  0.000000E+00  0.000000E+00  0.100000E+01  0.000000E+00  0.000000E+00  0.000000E+00  0.000000E+00  0.100000E+01  0.000000E+00 -0.449679E+01  0.000000E+00  0.482094E+01  0.100000E+01
  0.100000E+01  0.000000E+00  0.000000E+00  0.000000E+00  0.000000E+00  0.100000E+01  0.000000E+00  0.000000E+00  0.000000E+00  0.000000E+00  0.100000E+01  0.000000E+00  0.500000E+00  0.000000E+00  0.500000E+01  0.100000E+01
  0.999282E+00  0.000000E+00  0.378827E-01  0.000000E+00  0.000000E+00  0.100000E+01  0.000000E+00  0.000000E+00 -0.378827E-01  0.000000E+00  0.999282E+00  0.000000E+00 -0.199820E+01  0.000000E+00  0.490529E+01  0.100000E+01
  0.100000E+01  0.000000E+00  0.000000E+00  0.000000E+00  0.000000E+00  0.100000E+01  0.000000E+00  0.000000E+00  0.000000E+00  0.000000E+00  0.100000E+01  0.000000E+00 -0.449641E+01  0.000000E+00  0.481059E+01  0.100000E+01
  0.100000E+01  0.000000E+00  0.000000E+00  0.000000E+00  0.000000E+00  0.100000E+01  0.000000E+00  0.000000E+00  0.000000E+00  0.000000E+00  0.100000E+01  0.000000E+00  0.500000E+00  0.000000E+00  0.500000E+01  0.100000E+01
  0.999199E+00  0.000000E+00  0.400114E-01  0.000000E+00  0.000000E+00  0.100000E+01  0.000000E+00  0.000000E+00 -0.400114E-01  0.000000E+00  0.999199E+00  0.000000E+00 -0.199800E+01  0.000000E+00  0.489997E+01  0.100000E+01
  0.100000E+01  0.000000E+00  0.000000E+00  0.000000E+00  0.000000E+00  0.100000E+01  0.000000E+00  0.000000E+00  0.000000E+00  0.000000E+00  0.100000E+01  0.000000E+00 -0.449599E+01  0.000000E+00  0.479994E+01  0.100000E+01
  0.100000E+01  0.000000E+00  0.000000E+00  0.000000E+00  0.000000E+00  0.100000E+01  0.000000E+00  0.000000E+00  0.000000E+00  0.000000E+00  0.100000E+01  0.000000E+00  0.500000E+00  0.000000E+00  0.500000E+01  0.100000E+01
  0.999109E+00  0.000000E+00  0.421983E-01  0.000000E+00  0.000000E+00  0.100000E+01  0.000000E+00  0.000000E+00 -0.421983E-01  0.000000E+00  0.999109E+00  0.000000E+00 -0.199777E+01  0.000000E+00  0.489450E+01  0.100000E+01
  0.100000E+01  0.000000E+00  0.000000E+00  0.000000E+00  0.000000E+00  0.100000E+01  0.000000E+00  0.000000E+00  0.000000E+00  0.000000E+00  0.100000E+01  0.000000E+00 -0.449554E+01  0.000000E+00  0.478901E+01  0.100000E+01
  0.100000E+01  0.000000E+00  0.000000E+00  0.000000E+00  0.000000E+00  0.100000E+01  0.000000E+00  0.000000E+00  0.000000E+00  0.000000E+00  0.100000E+01  0.000000E+00  0.500000E+00  0.000000E+00  0.500000E+01  0.100000E+01
  0.999012E+00  0.000000E+00  0.444432E-01  0.000000E+00  0.000000E+00  0.100000E+01  0.000000E+00  0.000000E+00 -0.444432E-01  0.000000E+00  0.999012E+00  0.000000E+00 -0.199753E+01  0.000000E+00  0.488889E+01  0.100000E+01
  0.100000E+01  0.000000E+00  0.000000E+00  0.000000E+00  0.000000E+00  0.100000E+01  0.000000E+00  0.000000E+00  0.000000E+00  0.000000E+00  0.100000E+01  0.000000E+00 -0.449505E+01  0.000000E+00  0.477778E+01  0.100000E+01
  0.100000E+01  0.000000E+00  0.000000E+00  0.000000E+00  0.000000E+00  0.100000E+01  0.000000E+00  0.000000E+00  0.000000E+00  0.000000E+00  0.100000E+01  0.000000E+00  0.500000E+00  0.000000E+00  0.500000E+01  0.100000E+01
  0.998907E+00  0.000000E+00  0.467461E-01  0.000000E+00  0.000000E+00  0.100000E+01  0.000000E+00  0.000000E+00 -0.467461E-01  0.000000E+00  0.998907E+00  0.000000E+00 -0.199726E+01  0.000000E+00  0.488313E+01  0.100000E+01
  0.100000E+01  0.000000E+00  0.000000E+00  0.000000E+00  0.000000E+00  0.100000E+01  0.000000E+00  0.000000E+00  0.000000E+00  0.000000E+00  0.100000E+01  0.000000E+00 -0.449453E+01  0.000000E+00  0.476627E+01  0.100000E+01
  0.100000E+01  0.000000E+00  0.000000E+00  0.000000E+00  0.000000E+00  0.100000E+01  0.000000E+00  0.000000E+00  0.000000E+00  0.000000E+00  0.100000E+01  0.000000E+00  0.500000E+00  0.000000E+00  0.500000E+01  0.100000E+01
  0.998793E+00  0.000000E+00  0.491070E-01  0.000000E+00  0.000000E+00  0.100000E+01  0.000000E+00  0.000000E+00 -0.491070E-01  0.000000E+00  0.998793E+00  0.000000E+00 -0.199698E+01  0.000000E+00  0.487723E+01  0.100000E+01
  0.100000E+01  0.000000E+00  0.000000E+00  0.000000E+00  0.000000E+00  0.100000E+01  0.000000E+00  0.000000E+00  0.000000E+00  0.000000E+00  0.100000E+01  0.000000E+00 -0.449396E+01  0.000000E+00  0.475446E+01  0.100000E+01
  0.100000E+01  0.000000E+00  0.000000E+00  0.000000E+00  0.000000E+00  0.100000E+01  0.000000E+00  0.000000E+00  0.000000E+00  0.000000E+00  0.100000E+01  0.000000E+00  0.500000E+00  0.000000E+00  0.500000E+01  0.100000E+01
  0.998672E+00  0.000000E+00  0.515259E-01  0.000000E+00  0.000000E+00  0.100000E+01  0.000000E+00  0.000000E+00 -0.515259E-01  0.000000E+00  0.998672E+00  0.000000E+00 -0.199668E+01  0.000000E+00  0.487119E+01  0.100000E+01
  0.100000E+01  0.000000E+00  0.000000E+00  0.000000E+00  0.000000E+00  0.100000E+01  0.000000E+00  0.000000E+00  0.000000E+00  0.000000E+00  0.100000E+01  0.000000E+00 -0.449335E+01  0.000000E+00  0.474237E+01  0.100000E+01
  0.100000E+01  0.000000E+00  0.000000E+00  0.000000E+00  0.000000E+00  0.100000E+01  0.000000E+00  0.000000E+00  0.000000E+00  0.000000E+00  0.100000E+01  0.000000E+00  0.500000E+00  0.000000E+00  0.500000E+01  0.100000E+01
  0.998541E+00  0.000000E+00  0.540027E-01  0.000000E+00  0.000000E+00  0.100000E+01  0.000000E+00  0.000000E+00 -0.540027E-01  0.000000E+00  0.998541E+00  0.000000E+00 -0.199635E+01  0.000000E+00  0.486499E+01  0.100000E+01
  0.100000E+01  0.000000E+00  0.000000E+00  0.000000E+00  0.000000E+00  0.100000E+01  0.000000E+00  0.000000E+00  0.000000E+00  0.000000E+00  0.100000E+01  0.000000E+00 -0.449270E+01  0.000000E+00  0.472999E+01  0.100000E+01
  0.100000E+01  0.000000E+00  0.000000E+00  0.000000E+00  0.000000E+00  0.100000E+01  0.000000E+00  0.000000E+00  0.000000E+00  0.000000E+00  0.100000E+01  0.000000E+00  0.500000E+00  0.000000E+00  0.500000E+01  0.100000E+01
  0.998400E+00  0.000000E+00  0.565373E-01  0.000000E+00  0.000000E+00  0.100000E+01  0.000000E+00  0.000000E+00 -0.565373E-01  0.000000E+00  0.998400E+00  0.000000E+00 -0.199600E+01  0.000000E+00  0.485866E+01  0.100000E+01
  0.100000E+01  0.000000E+00  0.000000E+00  0.000000E+00  0.000000E+00  0.100000E+01  0.000000E+00  0.000000E+00  0.000000E+00  0.000000E+00  0.100000E+01  0.000000E+00 -0.449200E+01  0.000000E+00  0.471731E+01  0.100000E+01
  0.100000E+01  0.000000E+00  0.000000E+00  0.000000E+00  0.000000E+00  0.100000E+01  0.000000E+00  0.000000E+00  0.000000E+00  0.000000E+00  0.100000E+01  0.000000E+00  0.500000E+00  0.000000E+00  0.500000E+01  0.100000E+01
  0.998250E+00  0.000000E+00  0.591298E-01  0.000000E+00  0.000000E+00  0.100000E+01  0.000000E+00  0.000000E+00 -0.591298E-01  0.000000E+00  0.998250E+00  0.000000E+00 -0.199562E+01  0.000000E+00  0.485218E+01  0.100000E+01
  0.100000E+01  0.000000E+00  0.000000E+00  0.000000E+00  0.000000E+00  0.100000E+01  0.000000E+00  0.000000E+00  0.000000E+00  0.000000E+00  0.100000E+01  0.000000E+00 -0.449124E+01  0.000000E+00  0.470435E+01  0.100000E+01
  0.100000E+01  0.000000E+00  0.000000E+00  0.000000E+00  0.000000E+00  0.100000E+01  0.000000E+00  0.000000E+00  0.000000E+00  0.000000E+00  0.100000E+01  0.000000E+00  0.500000E+00  0.000000E+00  0.500000E+01  0.100000E+01
  0.998090E+00  0.000000E+00  0.617800E-01  0.000000E+00  0.000000E+00  0.100000E+01  0.000000E+00  0.000000E+00 -0.617800E-01  0.000000E+00  0.998090E+00  0.000000E+00 -0.199522E+01  0.000000E+00  0.484555E+01  0.100000E+01
  0.100000E+01  0.000000E+00  0.000000E+00  0.000000E+00  0.000000E+00  0.100000E+01  0.000000E+00  0.000000E+00  0.000000E+00  0.000000E+00  0.100000E+01  0.000000E+00 -0.449044E+01  0.000000E+00  0.469110E+01  0.100000E+01
  0.100000E+01  0.000000E+00  0.000000E+00  0.000000E+00  0.000000E+00  0.100000E+01  0.000000E+00  0.000000E+00  0.000000E+00  0.000000E+00  0.100000E+01  0.000000E+00  0.500000E+00  0.000000E+00  0.500000E+01  0.100000E+01
  0.997918E+00  0.000000E+00  0.644880E-01  0.000000E+00  0.000000E+00  0.100000E+01  0.000000E+00  0.000000E+00 -0.644880E-01  0.000000E+00  0.997918E+00  0.000000E+00 -0.199479E+01  0.000000E+00  0.483878E+01  0.100000E+01
  0.100000E+01  0.000000E+00  0.000000E+00  0.000000E+00  0.000000E+00  0.100000E+01  0.000000E+00  0.000000E+00  0.000000E+00  0.000000E+00  0.100000E+01  0.000000E+00 -0.448959E+01  0.000000E+00  0.467756E+01  0.100000E+01
  0.100000E+01  0.000000E+00  0.000000E+00  0.000000E+00  0.000000E+00  0.100000E+01  0.000000E+00  0.000000E+00  0.000000E+00  0.000000E+00  0.100000E+01  0.000000E+00  0.500000E+00  0.000000E+00  0.500000E+01  0.100000E+01
  0.997736E+00  0.000000E+00  0.672536E-01  0.000000E+00  0.000000E+00  0.100000E+01  0.000000E+00  0.000000E+00 -0.672536E-01  0.000000E+00  0.997736E+00  0.000000E+00 -0.199434E+01  0.000000E+00  0.483187E+01  0.100000E+01
  0.100000E+01  0.000000E+00  0.000000E+00  0.000000E+00  0.000000E+00  0.100000E+01  0.000000E+00  0.000000E+00  0.000000E+00  0.000000E+00  0.100000E+01  0.000000E+00 -0.448867E+01  0.000000E+00  0.466373E+01  0.100000E+01
  0.100000E+01  0.000000E+00  0.000000E+00  0.000000E+00  0.000000E+00  0.100000E+01  0.000000E+00  0.000000E+00  0.000000E+00  0.000000E+00  0.100000E+01  0.000000E+00  0.500000E+00  0.000000E+00  0.500000E+01  0.100000E+01
  0.997542E+00  0.000000E+00  0.700767E-01  0.000000E+00  0.000000E+00  0.100000E+01  0.000000E+00  0.000000E+00 -0.700767E-01  0.000000E+00  0.997542E+00  0.000000E+00 -0.199385E+01  0.000000E+00  0.482481E+01  0.100000E+01
  0.100000E+01  0.000000E+00  0.000000E+00  0.000000E+00  0.000000E+00  0.100000E+01  0.000000E+00  0.000000E+00  0.000000E+00  0.000000E+00  0.100000E+01  0.000000E+00 -0.448770E+01  0.000000E+00  0.464962E+01  0.100000E+01
  0.100000E+01  0.000000E+00  0.000000E+00  0.000000E+00  0.000000E+00  0.100000E+01  0.000000E+00  0.000000E+00  0.000000E+00  0.000000E+00  0.100000E+01  0.000000E+00  0.500000E+00  0.000000E+00  0.500000E+01  0.100000E+01
  0.997335E+00  0.000000E+00  0.729574E-01  0.000000E+00  0.000000E+00  0.100000E+01  0.000000E+00  0.000000E+00 -0.729574E-01  0.000000E+00  0.997335E+00  0.000000E+00 -0.199333E+01  0.000000E+00  0.481761E+01  0.100000E+01
  0.100000E+01  0.000000E+00  0.000000E+00  0.000000E+00  0.000000E+00  0.100000E+01  0.000000E+00  0.000000E+00  0.000000E+00  0.000000E+00  0.100000E+01  0.000000E+00 -0.448667E+01  0.000000E+00  0.463521E+01  0.100000E+01
  0.100000E+01  0.000000E+00  0.000000E+00  0.000000E+00  0.000000E+00  0.100000E+01  0.000000E+00  0.000000E+00  0.000000E+00  0.000000E+00  0.100000E+01  0.000000E+00  0.500000E+00  0.000000E+00  0.500000E+01  0.100000E+01
  0.997116E+00  0.000000E+00  0.758955E-01  0.000000E+00  0.000000E+00  0.100000E+01  0.000000E+00  0.000000E+00 -0.758955E-01  0.000000E+00  0.997116E+00  0.000000E+00 -0.199279E+01  0.000000E+00  0.481026E+01  0.100000E+01
  0.100000E+01  0.000000E+00  0.000000E+00  0.000000E+00  0.000000E+00  0.100000E+01  0.000000E+00  0.000000E+00  0.000000E+00  0.000000E+00  0.100000E+01  0.000000E+00 -0.448557E+01  0.000000E+00  0.462052E+01  0.100000E+01
  0.100000E+01  0.000000E+00  0.000000E+00  0.000000E+00  0.000000E+00  0.100000E+01  0.000000E+00  0.000000E+00  0.000000E+00  0.000000E+00  0.100000E+01  0.000000E+00  0.500000E+00  0.000000E+00  0.500000E+01  0.100000E+01
  0.996883E+00  0.000000E+00  0.788910E-01  0.000000E+00  0.000000E+00  0.100000E+01  0.000000E+00  0.000000E+00 -0.788910E-01  0.000000E+00  0.996883E+00  0.000000E+00 -0.199220E+01  0.000000E+00  0.480277E+01  0.100000E+01
  0.100000E+01  0.000000E+00  0.000000E+00  0.000000E+00  0.000000E+00  0.100000E+01  0.000000E+00  0.000000E+00  0.000000E+00  0.000000E+00  0.100000E+01  0.000000E+00 -0.448441E+01  0.000000E+00  0.460554E+01  0.100000E+01
  0.100000E+01  0.000000E+00  0.000000E+00  0.000000E+00  0.000000E+00  0.100000E+01  0.000000E+00  0.000000E+00  0.000000E+00  0.000000E+00  0.100000E+01  0.000000E+00  0.500000E+00  0.000000E+00  0.500000E+01  0.100000E+01
  0.996637E+00  0.000000E+00  0.819438E-01  0.000000E+00  0.000000E+00  0.100000E+01  0.000000E+00  0.000000E+00 -0.819438E-01  0.000000E+00  0.996637E+00  0.000000E+00 -0.199159E+01  0.000000E+00  0.479514E+01  0.100000E+01
  0.100000E+01  0.000000E+00  0.000000E+00  0.000000E+00  0.000000E+00  0.100000E+01  0.000000E+00  0.000000E+00  0.000000E+00  0.000000E+00  0.100000E+01  0.000000E+00 -0.448318E+01  0.000000E+00  0.459028E+01  0.100000E+01
  0.100000E+01  0.000000E+00  0.000000E+00  0.000000E+00  0.000000E+00  0.100000E+01  0.000000E+00  0.000000E+00  0.000000E+00  0.000000E+00  0.100000E+01  0.000000E+00  0.500000E+00  0.000000E+00  0.500000E+01  0.100000E+01
  0.996376E+00  0.000000E+00  0.850538E-01  0.000000E+00  0.000000E+00  0.100000E+01  0.000000E+00  0.000000E+00 -0.850538E-01  0.000000E+00  0.996376E+00  0.000000E+00 -0.199094E+01  0.000000E+00  0.478737E+01  0.100000E+01
  0.100000E+01  0.000000E+00  0.000000E+00  0.000000E+00  0.000000E+00  0.100000E+01  0.000000E+00  0.000000E+00  0.000000E+00  0.000000E+00  0.100000E+01  0.000000E+00 -0.448187E+01  0.000000E+00  0.457473E+01  0.100000E+01
  0.100000E+01  0.000000E+00  0.000000E+00  0.000000E+00  0.000000E+00  0.100000E+01  0.000000E+00  0.000000E+00  0.000000E+00  0.000000E+00  0.100000E+01  0.000000E+00  0.500000E+00  0.000000E+00  0.500000E+01  0.100000E+01
  0.996101E+00  0.000000E+00  0.882209E-01  0.000000E+00  0.000000E+00  0.100000E+01  0.000000E+00  0.000000E+00 -0.882209E-01  0.000000E+00  0.996101E+00  0.000000E+00 -0.199025E+01  0.000000E+00  0.477945E+01  0.100000E+01
  0.100000E+01  0.000000E+00  0.000000E+00  0.000000E+00  0.000000E+00  0.100000E+01  0.000000E+00  0.000000E+00  0.000000E+00  0.000000E+00  0.100000E+01  0.000000E+00 -0.448050E+01  0.000000E+00  0.455890E+01  0.100000E+01
  0.100000E+01  0.000000E+00  0.000000E+00  0.000000E+00  0.000000E+00  0.100000E+01  0.000000E+00  0.000000E+00  0.000000E+00  0.000000E+00  0.100000E+01  0.000000E+00  0.500000E+00  0.000000E+00  0.500000E+01  0.100000E+01
  0.995810E+00  0.000000E+00  0.914450E-01  0.000000E+00  0.000000E+00  0.100000E+01  0.000000E+00  0.000000E+00 -0.914450E-01  0.000000E+00  0.995810E+00  0.000000E+00 -0.198952E+01  0.000000E+00  0.477139E+01  0.100000E+01
  0.100000E+01  0.000000E+00  0.000000E+00  0.000000E+00  0.000000E+00  0.100000E+01  0.000000E+00  0.000000E+00  0.000000E+00  0.000000E+00  0.100000E+01  0.000000E+00 -0.447904E+01  0.000000E+00  0.454278E+01  0.100000E+01
  0.100000E+01  0.000000E+00  0.000000E+00  0.000000E+00  0.000000E+00  0.100000E+01  0.000000E+00  0.000000E+00  0.000000E+00  0.000000E+00  0.100000E+01  0.000000E+00  0.500000E+00  0.000000E+00  0.500000E+01  0.100000E+01
  0.995503E+00  0.000000E+00  0.947260E-01  0.000000E+00  0.000000E+00  0.100000E+01  0.000000E+00  0.000000E+00 -0.947260E-01  0.000000E+00  0.995503E+00  0.000000E+00 -0.198875E+01  0.000000E+00  0.476319E+01  0.100000E+01
  0.100000E+01  0.000000E+00  0.000000E+00  0.000000E+00  0.000000E+00  0.100000E+01  0.000000E+00  0.000000E+00  0.000000E+00  0.000000E+00  0.100000E+01  0.000000E+00 -0.447751E+01  0.000000E+00  0.452637E+01  0.100000E+01
  0.100000E+01  0.000000E+00  0.000000E+00  0.000000E+00  0.000000E+00  0.100000E+01  0.000000E+00  0.000000E+00  0.000000E+00  0.000000E+00  0.100000E+01  0.000000E+00  0.500000E+00  0.000000E+00  0.500000E+01  0.100000E+01
  0.995180E+00  0.000000E+00  0.980638E-01  0.000000E+00  0.000000E+00  0.100000E+01  0.000000E+00  0.000000E+00 -0.980638E-01  0.000000E+00  0.995180E+00  0.000000E+00 -0.198795E+01  0.000000E+00  0.475484E+01  0.100000E+01
